klsm16, 1, 3.252119, 20, 2.633396
klsm16, 2, 3.617019, 22, 2.817678
klsm16, 3, 4.192544, 27, 3.186898
klsm16, 5, 5.812420, 39, 4.263553
klsm16, 10, 11.561685, 54, 8.346147
klsm16, 15, 16.050040, 76, 11.798140
klsm16, 20, 19.648871, 81, 15.137369
klsm16, 25, 27.068197, 100, 19.631324
klsm16, 30, 25.053376, 105, 20.853947
klsm16, 35, 33.139010, 115, 23.662212
klsm16, 40, 22.869655, 112, 19.764221
klsm16, 45, 39.054522, 140, 25.898946
klsm16, 50, 15.810557, 78, 11.472915
klsm16, 55, 39.049369, 121, 25.675923
klsm16, 60, 14.620900, 73, 9.247377
klsm16, 65, 54.053638, 153, 37.301166
klsm16, 70, 19.332109, 90, 13.084241
klsm16, 75, 55.314332, 145, 34.371155
klsm16, 80, 15.274636, 45, 9.108456
klsm128, 1, 14.394724, 128, 16.357727
klsm128, 2, 13.171983, 120, 16.084779
klsm128, 3, 13.074983, 128, 15.847631
klsm128, 5, 14.562788, 158, 16.664669
klsm128, 10, 21.205328, 199, 21.232895
klsm128, 15, 28.887834, 234, 27.629861
klsm128, 20, 33.324442, 253, 30.727807
klsm128, 25, 55.508558, 563, 70.259586
klsm128, 30, 43.084095, 332, 36.884963
klsm128, 35, 110.125184, 1100, 183.955670
klsm128, 40, 54.521652, 347, 45.614270
klsm128, 45, 149.616750, 1182, 232.369974
klsm128, 50, 61.849571, 325, 47.505726
klsm128, 55, 307.710250, 1746, 449.865397
klsm128, 60, 71.079243, 396, 52.087777
klsm128, 65, 417.025066, 1574, 423.544072
klsm128, 70, 119.457930, 613, 112.278030
klsm128, 75, 951.736056, 2161, 632.716399
klsm128, 80, 429.762796, 1015, 293.642097
klsm256, 1, 26.159703, 232, 30.907934
klsm256, 2, 22.951685, 239, 29.964430
klsm256, 3, 21.697494, 245, 29.371671
klsm256, 5, 21.736301, 264, 29.128319
klsm256, 10, 28.335864, 283, 32.707470
klsm256, 15, 37.438461, 329, 39.965864
klsm256, 20, 42.303986, 405, 42.098209
klsm256, 25, 72.502810, 987, 110.329615
klsm256, 30, 57.012570, 391, 52.822059
klsm256, 35, 150.273092, 2017, 302.898558
klsm256, 40, 71.362697, 436, 61.467613
klsm256, 45, 282.305411, 2428, 487.816227
klsm256, 50, 96.845837, 464, 78.168639
klsm256, 55, 336.556656, 2809, 575.744162
klsm256, 60, 141.280796, 818, 138.970027
klsm256, 65, 797.859254, 3635, 988.568133
klsm256, 70, 1054.716510, 2921, 816.447728
klsm256, 75, 621.865742, 3693, 889.861800
klsm256, 80, 749.838487, 2960, 828.176533
klsm4096, 1, 344.328566, 3195, 427.268455
klsm4096, 2, 291.188993, 3067, 408.015084
klsm4096, 3, 271.420848, 3764, 413.824312
klsm4096, 5, 235.181826, 3779, 394.632237
klsm4096, 10, 217.820838, 3875, 390.864269
klsm4096, 15, 229.266571, 4070, 418.866962
klsm4096, 20, 297.489851, 4271, 495.556150
klsm4096, 25, 551.851829, 6867, 925.987810
klsm4096, 30, 350.811505, 5565, 586.946056
klsm4096, 35, 660.569196, 13845, 1528.481312
klsm4096, 40, 625.371906, 8924, 1013.696900
klsm4096, 45, 2118.220781, 29255, 4586.702873
klsm4096, 50, 1200.337322, 11905, 1487.001191
klsm4096, 55, 1648.927086, 14734, 2320.880871
klsm4096, 60, 1959.529121, 16424, 2689.585820
klsm4096, 65, 22457.062297, 61363, 20758.665974
klsm4096, 70, 6285.786415, 32352, 7618.036957
klsm4096, 75, 23509.019510, 74296, 22919.181215
klsm4096, 80, 10353.198410, 48907, 12667.469076
globallock, 1, 1.000103, 2, 0.010168
globallock, 2, 1.127162, 3, 0.333218
globallock, 3, 1.206216, 6, 0.440052
globallock, 5, 1.527124, 7, 0.698361
globallock, 10, 1.848652, 8, 0.989628
globallock, 15, 1.665618, 8, 0.887536
globallock, 20, 1.860051, 9, 1.039338
globallock, 25, 1.972269, 11, 1.104164
globallock, 30, 2.226383, 10, 1.285633
globallock, 35, 2.275577, 10, 1.324539
globallock, 40, 2.914307, 12, 1.715424
globallock, 45, 3.179080, 11, 1.877431
globallock, 50, 3.259763, 16, 1.973347
globallock, 55, 3.849626, 13, 2.328198
globallock, 60, 4.004848, 14, 2.321108
globallock, 65, 4.241742, 15, 2.487804
globallock, 70, 4.345634, 18, 2.683662
globallock, 75, 4.726793, 17, 2.832511
globallock, 80, 4.779646, 17, 2.900003
multiq, 1, 9.558362, 252, 16.870167
multiq, 2, 25.739313, 642, 49.516205
multiq, 3, 54.184506, 1832, 114.770445
multiq, 5, 176.375209, 4747, 434.552560
multiq, 10, 762.994838, 32948, 2541.725151
multiq, 15, 741.903955, 43529, 2240.750822
multiq, 20, 983.589849, 34101, 2898.825043
multiq, 25, 1428.534666, 56461, 4337.428940
multiq, 30, 1845.942990, 89993, 6091.636684
multiq, 35, 1955.110982, 87091, 6195.695840
multiq, 40, 2252.050764, 117654, 7432.772179
multiq, 45, 2499.067343, 164463, 8492.065310
multiq, 50, 2725.763883, 127341, 8991.997352
multiq, 55, 2830.095130, 193029, 9447.168887
multiq, 60, 2994.817694, 144991, 9704.047752
multiq, 65, 3164.850750, 176101, 10440.202290
multiq, 70, 3425.512884, 183514, 11505.381250
multiq, 75, 3475.883124, 226124, 11933.397161
multiq, 80, 3786.674450, 231637, 12549.446813
