klsm16, 1, 3.185095, 19, 2.607681
klsm16, 2, 3.634527, 25, 2.861801
klsm16, 3, 4.268696, 29, 3.269696
klsm16, 5, 6.155035, 36, 4.520877
klsm16, 10, 12.040428, 59, 8.777842
klsm16, 15, 16.328160, 72, 12.085418
klsm16, 20, 21.039838, 86, 16.263464
klsm16, 25, 28.546320, 106, 19.813944
klsm16, 30, 24.840352, 104, 20.801574
klsm16, 35, 36.735485, 129, 23.842740
klsm16, 40, 25.302920, 130, 21.648086
klsm16, 45, 49.264014, 146, 30.735578
klsm16, 50, 16.775452, 82, 12.020168
klsm16, 55, 60.272831, 158, 38.015808
klsm16, 60, 18.865771, 82, 11.961149
klsm16, 65, 61.133690, 203, 40.107965
klsm16, 70, 15.382734, 53, 8.426644
klsm16, 75, 59.018160, 168, 40.999055
klsm16, 80, 14.688540, 45, 8.714355
klsm128, 1, 13.369076, 124, 16.075473
klsm128, 2, 12.258251, 126, 15.633738
klsm128, 3, 12.474078, 129, 15.646773
klsm128, 5, 14.486916, 159, 16.713766
klsm128, 10, 21.808001, 202, 22.645722
klsm128, 15, 29.863388, 243, 29.422873
klsm128, 20, 32.116937, 251, 28.933629
klsm128, 25, 54.056942, 480, 62.779399
klsm128, 30, 45.551432, 312, 41.380735
klsm128, 35, 122.914743, 1208, 209.322685
klsm128, 40, 56.727141, 381, 48.052336
klsm128, 45, 245.203495, 1559, 368.233557
klsm128, 50, 62.683276, 375, 50.565353
klsm128, 55, 176.860274, 1435, 275.253251
klsm128, 60, 77.027018, 411, 62.820705
klsm128, 65, 267.396135, 1456, 371.046787
klsm128, 70, 177.590757, 759, 174.846275
klsm128, 75, 1074.075381, 2412, 713.986879
klsm128, 80, 297.724746, 989, 288.326239
klsm256, 1, 24.173928, 235, 30.204853
klsm256, 2, 21.187775, 238, 29.380743
klsm256, 3, 20.130435, 241, 28.549572
klsm256, 5, 21.448127, 275, 29.050690
klsm256, 10, 28.262703, 300, 33.397938
klsm256, 15, 38.229152, 342, 41.423541
klsm256, 20, 41.914344, 371, 41.761145
klsm256, 25, 70.752214, 945, 108.794958
klsm256, 30, 57.182085, 547, 58.448400
klsm256, 35, 242.319589, 2639, 501.513154
klsm256, 40, 67.555462, 392, 56.633603
klsm256, 45, 210.325485, 2717, 445.605432
klsm256, 50, 83.851175, 426, 68.656396
klsm256, 55, 277.693992, 3384, 599.527846
klsm256, 60, 192.531224, 1207, 237.689199
klsm256, 65, 300.966427, 2946, 559.166305
klsm256, 70, 1186.258033, 2339, 707.663532
klsm256, 75, 581.487349, 3889, 881.575009
klsm256, 80, 635.386080, 1590, 463.969029
klsm4096, 1, 333.178058, 3833, 427.205371
klsm4096, 2, 274.271615, 3767, 415.864378
klsm4096, 3, 232.205233, 3799, 390.336858
klsm4096, 5, 208.423957, 3460, 381.189894
klsm4096, 10, 223.043621, 3877, 397.573719
klsm4096, 15, 232.876933, 4738, 437.935550
klsm4096, 20, 422.109418, 6002, 729.127569
klsm4096, 25, 593.146139, 13665, 1502.293734
klsm4096, 30, 310.286115, 5599, 539.097561
klsm4096, 35, 1020.378313, 11092, 1536.833811
klsm4096, 40, 1123.674897, 9102, 1287.282360
klsm4096, 45, 1939.219983, 29519, 4542.741599
klsm4096, 50, 1470.179957, 12088, 1969.112304
klsm4096, 55, 1299.677393, 13467, 1647.485628
klsm4096, 60, 6330.612080, 31980, 8302.812302
klsm4096, 65, 9302.762786, 69109, 16102.733704
klsm4096, 70, 8865.351918, 47482, 11394.553694
klsm4096, 75, 22156.148858, 74440, 22181.739295
klsm4096, 80, 13469.264142, 52380, 13979.515077
globallock, 1, 1.000052, 2, 0.007226
globallock, 2, 1.125691, 3, 0.331515
globallock, 3, 1.224727, 6, 0.458130
globallock, 5, 1.425107, 6, 0.655501
globallock, 10, 1.795648, 8, 0.953418
globallock, 15, 1.632642, 8, 0.849088
globallock, 20, 1.811806, 9, 0.991067
globallock, 25, 2.083807, 10, 1.187623
globallock, 30, 2.211145, 13, 1.340622
globallock, 35, 2.352346, 14, 1.446463
globallock, 40, 2.622406, 17, 1.803247
globallock, 45, 3.107224, 13, 1.878895
globallock, 50, 3.574050, 14, 2.191077
globallock, 55, 3.761691, 14, 2.333112
globallock, 60, 4.202174, 14, 2.552613
globallock, 65, 4.083986, 16, 2.370616
globallock, 70, 4.452591, 17, 2.714579
globallock, 75, 4.471340, 15, 2.628910
globallock, 80, 4.641671, 24, 2.875225
multiq, 1, 10.656382, 282, 19.885992
multiq, 2, 30.582863, 935, 65.509304
multiq, 3, 82.488571, 2729, 214.134123
multiq, 5, 210.120173, 9059, 587.831309
multiq, 10, 734.621545, 30273, 2403.824613
multiq, 15, 742.166012, 40200, 2345.535833
multiq, 20, 1163.449497, 44476, 3606.955563
multiq, 25, 1462.372537, 58542, 4693.387791
multiq, 30, 1772.275026, 77380, 5506.370061
multiq, 35, 2145.794142, 118869, 7085.845562
multiq, 40, 2296.341870, 131728, 7880.676731
multiq, 45, 2442.712469, 152896, 8342.594729
multiq, 50, 2703.210038, 174433, 9308.569095
multiq, 55, 2938.651182, 203438, 10078.528354
multiq, 60, 3156.290377, 177704, 10552.337012
multiq, 65, 3196.449484, 179977, 10565.728018
multiq, 70, 3309.270215, 171289, 10682.659656
multiq, 75, 3601.799272, 201433, 12280.725340
multiq, 80, 3752.520442, 258376, 12856.184102
